1333013466
1333013999
1333014797
1333015064
1333015585
1333015859
1333139603
1333016542
1333016760
1333017127
1333017127
1333017539
1333017753
1333018119
1333018771
1333018771
1333019225
1333019413
1333019413
1333019654
1333018771
1333019413
958185737
1333020310
1333020448
958185737
1333020916
1333020448
1333020916
1333021307
1333021573
1333021886
1333020448
1333021886
1333022254
1333022254
1333022103
1333022509
1333023186
1333022976
1333023333
1333023186
1333023333
1333023333
1333024200
1333023947
1333023947
1333024812
1333023706
1333025968
1333023947
1333025968
1333025968
1333024812
1333025968
1333024812
1333024812
1333026334
1333024812
1333026334
1333034789
1333041624
1333035695
1333037265
1333023548
1333036412
1333036555
1333037265
1333037717
1333037717
1333023548
1333025968
1333034789
1333036555
1333036555
1333034789
1333037979
1333038243
1333038366
1333036555
1333038582
1333038852
1333036555
1333039161
1333036412
1333037265
1333037265
1333023810
1333026334
1333038810
1333038810
1333025968
1333036412
1333038243
1333034789
1333036412
1333056446
1333036555
1333026334
1333037979
1333036412
1333041198
1333038852
1333025968
1333037265
1333041467
1333041624
1333036412
1333038366
1333037265
1333026334
1333041914
1333042744
1333037265
1333042744
1333026334
1333038582
1333039161
1333026334
1333041914
1333041914
1333037265
1333037979
1333023810
1333041467
1333037265
1333038366
1333041198
1333041198
1333036555
1333041624
1333039161
1333038852
1333037265
1333036555
1333034789
1333041198
1333042424
1333042424
1333041914
1333042744
1333041198
1333039161
1333041467
1333041467
1333038243
1333041624
1333038852
1333041624
1333023947
1333034789
1333041198
1333037717
1333037717
1333023548
1333026334
1333038366
1333140160
1333023706
1333038810
1333023706
1333037979
1333056446
1333023548
1333036412
1333038582
1333041914
1333041198
1333053310
1333140160
1333036412
1333038582
1333023548
1333036412
1333036412
1333038582
1333023548
1333026334
1333038810
1333038582
1333038366
1333038852
1333039161
1333041198
1333041198
1333023947
1333038366
1333023706
1333056446
1333037265
1333056446
1333042424
1333036412
1333041198
1333025968
1333026334
1333034789
1333038582
1333038810
1333042744
1333041198
1333026334
1333037979
1333042424
1333140160
1333140160
1333140160
1333036555
1333041624
1333024812
1333042744
1333037717
1333139603
1333042744
1333038852
1333056446
1333139603
1333042744
1333042424
1333038810
1333038243
1333139603
1333038852
1333139603
1333139603
1333038243
1333140160
1333038810
1333042424
1333041624
1333139603
1333041624
1333139603
1333037717
1333056446
1333037717
1333047077
1333042424
1333041467
1333024812
1333037717
1333023706
1333039161
1333037717
1333041624
1333024812
1333037717
1333041467
1333041624
1333047077
1333039161
1333041914
1333041624
1333041914
1333037717
1333041914
1333037265
1333024812
1333041914
1333041914
1333041914
1333041624
1333041467
1333047714
1333041624
1333023947
1333041467
1333041624
1333139603
1333041624
1333048050
1333047856
1333037265
1333041624
1333047714
1333041467
1333041624
1333048050
1333047077
1333047856
1333047077
1333041624
1333047077
1333023706
1333047077
1333038243
1333048050
1333056446
1333041467
1333041624
1333038243
1333041467
1333041467
1333041467
1333023947
1333038243
1333048050
1333041624
1333037265
1333048050
1333037265
1333049449
1333049449
1333049449
1333049258
1333049449
1333048556
1333051072
1333049951
1333051072
1333182153
1333145113
1333051072
1333049951
1333053310
1333050812
1333049449
1333049449
1333182153
1333048841
1333053310
1333049645
1333049258
1333048556
1333049951
1333145113
1333049449
1333048556
1333145113
1333049449
1333049951
1333049449
1333145113
1333051072
1333048841
1333049645
1333050995
1333049449
1333182153
1333049449
1333047714
1333145113
1333053310
1333050812
1333145113
1333048556
1333016165
1333049645
1333048556
1333051072
1333049951
1333182153
1333049645
1333048556
1333051072
1333047856
1333145113
1333051072
1333053310
1333182153
1333050995
1333049951
1333051072
1333051072
1333048723
1333145113
1333047714
1333049951
1333052109
1333047856
1333053310
1333049951
1333051072
1333052109
1333053310
1333182153
1333048723
1333049645
1333182153
1333053310
1333050995
1333050812
1333052109
1333182153
1333052109
1333052109
1333049258
1333052109
1333145113
1333049645
1333050812
1333047856
1333053310
1333049258
1333052109
1333049951
1333052109
1333048723
1333047714
1333016165
1333051072
1333145113
1333053310
1333054886
1333048723
1333054751
1333049951
1333049258
1333054751
1333139603
1333054886
1333054751
1333050995
1333054751
1333139603
1333049951
1333054751
1333054751
1333053893
1333054886
1333049258
1333053195
1333052845
1333049951
1333054544
1333139603
1333054751
1333054544
1333049951
1333054157
1333050812
1333053195
1333054408
1333053195
1333050812
1333053578
1333054544
1333054751
1333054408
1333054886
1333053893
1333053790
1333053195
1333052845
1333054032
1333049951
1333050812
1333054751
1333054886
1333054886
1333049258
1333049951
1333054408
1333053195
1333053578
1333053195
1333054751
1333053195
1333050812
1333054032
1333054886
1333049258
1333053578
1333049258
1333054408
1333049258
1333053195
1333054032
1333054408
1333048723
1333139603
1333053578
1333054032
1333048723
1333053310
1333053893
1333056078
1333052845
1333053578
1333054032
1333139603
1333053310
1333053310
1333139603
1333048723
1333056078
1333048841
1333139603
1333056078
1333053310
1333056078
1333054032
1333048723
1333053893
1333139603
1333054544
1333056078
1333139603
1333052845
1333056078
1333054032
1333054157
1333139603
1333048841
1333139603
1333056257
1333056257
1333053790
1333054544
1333139603
1333139603
1333139603
1333053578
1333139603
1333053893
1333053310
1333053578
1333053893
1333056257
1333048841
1333016165
1333137957
1333139603
1333145113
1333138358
1333137780
1333141437
1333138786
1333138358
1333137780
1333182153
1333137780
1333144624
1333139603
1333141857
1333143907
1333137639
1333144872
1333041624
1333146343
1333139603
1333041624
1333146141
1333144872
1333145688
1333145113
1333146343
1333053310
1333143907
1333140513
1333144872
1333146343
1333053310
1333140921
1333143907
1333140513
1333137957
1333041624
1333138358
1333143907
1333143712
1333144471
1333143907
1333138786
1333137780
1333139603
1333041624
1333145688
1333145490
1333138786
1333144872
1333140921
1333137639
1333145490
1333041624
1333140921
1333146343
1333137957
1333137639
1333144471
1333138786
1333140921
1333139603
1333144624
1333146343
1333142639
1333141618
1333146343
1333053310
1333141618
1333041624
1333140921
1333137639
1333146141
1333139603
1333145113
1333041624
1333140921
1333145688
1333137957
1333145113
1333053310
1333145113
1333143712
1333141618
1333145113
1333143907
1333140513
1333141857
1333146809
1333141437
1333139603
1333138358
1333053310
1333143712
1333141857
1333145113
1333053310
1333145113
1333141437
1333143712
1333143907
1333144624
1333137957
1333139603
1333137639
1333145688
1333144872
1333144624
1333145113
1333140513
1333137639
1333053310
1333182153
1333141437
1333138786
1333146141
1333140921
1333141857
1333140921
1333144872
1333141437
1333145113
1333140921
1333053310
1333140921
1333138786
1333146809
1333137957
1333146141
1333145490
1333140921
1333144872
1333140921
1333143712
1333141437
1333137639
1333144872
1333143415
1333144624
1333137639
1333144872
1333146141
1333141618
1333140160
1333138786
1333141618
1333145490
1333143415
1333144872
1333146141
1333141437
1333145113
1333140921
1333144624
1333143415
1333144872
1333137957
1333144624
1333141437
1333145688
1333149758
1333140921
1333149758
1333182153
1333144872
1333142639
1333137639
1333182153
1333137957
1333145113
1333149758
1333137957
1333143712
1333149758
1333144872
1333145113
1333137639
1333144872
1333144872
1333145113
1333137639
1333144872
1333145113
1333137957
1333149758
1333145688
1333149758
1333146141
1333149758
1333140921
1333145113
1333137780
1333142639
1333137639
1333149758
1333145688
1333144471
1333137957
1333141618
1333137639
1333137780
1333145113
1333140921
1333143712
1333137639
1333144624
1333140921
1333140513
1333145113
1333145113
1333137639
1333137957
1333140513
1333149758
1333142639
1333182153
1333146809
1333145688
1333137957
1333182153
1333143712
1333149758
1333149758
1333144624
1333144624
1333137639
1333144872
1333144872
1333141618
1333145113
1333149758
1333152382
1333041624
1333152508
1333151901
1333145113
1333152508
1333138358
1333182153
1333151791
1333140160
1333041624
1333145113
1333151791
1333152382
1333151791
1333182153
1333152508
1333041624
1333145490
1333143415
1333151791
1333041624
1333145490
1333145113
1333145113
1333145490
1333140160
1333145113
1333182153
1333152508
1333145490
1333152382
1333145113
1333145490
1333152508
1333152508
1333145490
1333146809
1333143415
1333146809
1333152382
1333182153
1333182153
1333152382
1333146809
1333152508
1333142639
1333141857
1333152508
1333152382
1333143415
1333146809
1333140160
1333041624
1333145113
1333151791
1333145113
1333152508
1333140160
1333141857
1333146809
1333145113
1333145490
1333142639
1333140160
1333041624
1333145113
1333140160
1333140160
1333145113
1333179456
1333140160
1333181262
1333178183
1333181318
1333179456
1333140160
1333178960
1333178183
1333179456
1333180332
1333180332
1333181849
1333140160
1333179631
1333179252
1333140160
1333140160
1333179631
1333179456
1333181849
1333178960
1333178183
1333179631
1333179456
1333179123
1333181318
1333181262
1333180635
1333140160
1333179123
1333179938
1333181050
1333179938
1333179879
1333140160
1333181549
1333181318
1333179879
1333140160
1333178960
1333181849
1333140160
1333179938
1333177910
1333177613
1333140160
1333181849
1333177613
1333140160
1333140160
1333179456
1333178960
1333179631
1333140160
1333181262
1333178183
1333180332
1333180332
1333181849
1333179631
1333180332
1333181549
1333179938
1333181262
1333179631
1333178960
1333053310
1333179879
1333177613
1333179456
1333177613
1333179123
1333181849
1333178960
1333140160
1333179631
1333140160
1333181262
1333180332
1333140160
1333179456
1333181849
1333140160
1333178960
1333178960
1333178183
1333178960
1333140160
1333177910
1333181849
1333177613
1333179879
1333178183
1333140160
1333140160
1333177910
1333178960
1333180332
1333180332
1333179333
1333140160
1333180635
1333180332
1333177613
1333140160
1333181318
1333201375
1333179252
1333181262
1333201375
1333201375
1333180513
1333181318
1333201606
1333179252
1333181262
1333201375
1333181318
1333181050
1333201606
1333201606
1333180635
1333201606
1333177910
1333201375
1333179252
1333201375
1333181262
1333181050
1333201375
1333181549
1333202297
1333140160
1333180513
1333181549
1333177910
1333140160
1333140160
1333202624
1333181262
1333202260
1333177910
1333179252
1333179333
1333140160
1333181549
1333201606
1333202297
1333041624
1333016165
1333203258
1333202297
1333203258
1333202260
1333202297
1333181549
1333140160
1333177910
1333203258
1333201606
1333181262
1333179252
1333202297
1333202297
1333203258
1333140160
1333140160
1333177910
1333202624
1333203837
1333202624
1333181050
1333145113
1333145113
1333203689
1333203837
1333203837
1333180513
1333203258
1333201606
1333203837
1333145113
1333179333
1333181050
1333179123
1333202260
1333203258
1333201606
1333180635
1333145113
1333202624
1333201606
1333202260
1333145113
1333203258
1333145113
1333179938
1333206558
1333203837
1333179333
1333203837
1333145113
1333145113
1333203689
1333203837
1333206623
1333203837
1333145113
1333206558
1333203837
1333203837
1333180635
1333053310
1333202260
1333203837
1333179333
1333180513
1333053310
1333179938
1333180635
1333202260
1333145113
1333202260
1333202260
1333145113
1333202260
1333207408
1333202624
1333140160
1333207408
1333203689
1333207408
1333181050
1333207408
1333206623
1333145113
1333145113
1333203837
1333207408
1333179333
1333203837
1333053310
1333145113
1333053310
1333203837
1333179333
1333145113
1333202260
1333180513
1333203837
1333206558
1333145113
1333202260
1333207408
1333179333
1333202260
1333206623
1333203837
1333206558
1333180513
1333203837
1333206558
1333208168
1333140160
1333140160
1333179938
1333207408
1333140160
1333207956
1333206558
1333140160
1333208878
1333203689
1333179123
1333179938
1333208443
1333140160
1333179879
1333207408
1333179123
1333140160
1333140160
1333206558
1333181050
1333208168
1333208168
1333207956
1333140160
1333206558
1333206558
1333179938
1333181050
1333140160
1333202624
1333181050
1333208168
1333207956
1333208168
1333207408
1333208878
1333206558
1333140160
1333208168
1333208878
1333179879
1333181050
1333207956
1333208443
1333206623
1333208443
1333207956
1333206558
1333140160
1333208878
1333202624
1333203689
1333179123
1333208443
1333206623
1333208878
1333208168
1333140160
1333208168
1333140160
1333206558
1333208168
1333179938
1333140160
1333179879
1333140160
1333207408
1333208878
1333208168
1333208878
1333208878
1333179123
1333208878
1333208878
1333140160
1333140160
1333206558
1333207956
1333207408
1333206558
1333140160
1333203689
1333179123
1333179938
1333140160
1333206558
1333206558
1333179879
1333208168
1333140160
1333181050
1333206558
1333208168
1333208443
1333208168
1333208168
1333179123
1333208168
1333140160
1333208878
1333206558
1333140160
1333181050
1333181050
1333145113
1333179938
1333179938
1333208878
1333206558
1333208878
1333179879
1333208878
1333208878
1333140160
1333208878
1333140160
1333210470
1333210771
1333212398
1333210771
1333210893
1333212398
1333209871
1333212398
1333041624
1333212776
1333212776
1333209871
1333210561
1333212398
1333213011
1333210470
1333212776
1333212398
1333212398
1333213011
1333210893
1333210315
1333212398
1333213011
1333210470
1333210771
1333210470
1333213011
1333212398
1333213011
1333210893
1333209871
1333210470
1333210771
1333210470
1333210771
1333016165
1333213011
1333041624
1333212776
1333212776
1333041624
1333210771
1333212398
1333210893
1333210315
1333212776
1333213011
1333210561
1333210470
1333210315
1333212398
1333041624
1333041624
1333209871
1333041624
1333212398
1333041624
1333210470
1333213011
1333210470
1333210771
1333041624
1333212776
1333212398
1333210561
1333213011
1333210315
1333213011
1333210470
1333210771
1333210470
1333210561
1333210771
1333213011
1333212398
1333212776
1333212398
1333212776
1333210893
1333210315
1333212776
1333212776
1333210771
1333210561
1333209871
1333212776
1333210470
1333210771
1333210771
1333210561
1333213011
1333212398
1333210470
1333210771
1333210561
1333209871
1333041624
1333209871
1333145113
1333041624
1333209871
1333210893
1333210771
1333216891
1333216683
1333217821
1333217177
1333217948
1333182153
1333140160
1333140160
1333217948
1333216891
1333140160
1333140160
1333217821
1333216084
1333140160
1333218298
1333217177
1333140160
1333216084
1333140160
1333216084
1333140160
1333140160
1333218298
1333218298
1333216683
1333140160
1333217821
1333217948
1333217177
1333216891
1333218298
1333218298
1333218298
1333217948
1333218298
1333218298
1333217821
1333218298
1333216891
1333218298
1333041624
1333140160
1333041624
1333041624
1333216084
1333217821
1333217821
1333217821
1333216891
1333217821
1333216891
1333216683
1333217948
1333140160
1333216084
1333217948
1333216084
1333139603
1333216683
1333216891
1333216891
1333140160
1333218298
1333216683
1333217821
1333140160
1333216891
1333041624
1333217948
1333140160
1333217948
1333216683
1333217821
1333217821
1333140160
1333217177
1333041624
1333217948
1333216891
1333217948
1333217821
1333216084
1333216683
1333140160
1333217948
1333217177
1333218298
1333218298
1333217948
1333140160
1333216084
1333217821
1333217177
1333140160
1333217821
1333216084
1333140160
1333217821
1333216084
1333140160
1333041624
1333216683
1333216683
1333216683
1333217948
1333216084
1333217948
1333216084
1333041624
1333217948
1333217821
1333217177
1333217821
1333216683
1333217821
1333217821
1333217948
1333140160
1333216683
1333217948
1333140160
1333216084
1333216683
1333145113
1333145113
1333220468
1333145113
1333016165
1333016165
1333145113
1333016165
1333016165
1333016165
1333220796
1333220373
1333140160
1333140160
1333145113
1333220468
1333224855
1333016165
1333224855
1333016165
1333056446
1333140160
1333224855
1333145113
1333224855
1333139603
1333016165
1333220468
1333139603
1333223636
1333140160
1333145113
1333016165
1333140160
1333140160
1333056446
1333139603
1333223803
1333145113
1333220468
1333145113
1333221458
1333145113
1333056446
1333223636
1333220468
1333139603
1333221458
1333140160
1333140160
1333145113
1333220468
1333140160
1333139603
1333145113
1333056446
1333140160
1333016165
1333053310
1333140160
1333056446
1333182153
1333016165
1333041624
1333140160
1333056446
1333220468
1333145113
1333053310
1333140160
1333016165
1333041624
1333139603
1333182153
1333056446
1333053310
1333041624
1333182153
1333139603
1333056446
1333053310
1333224855
1333182153
1333053310
1333222548
1333145113
1333222548
1333145113
1333145113
1333053310
1333224855
1333145113
1333140160
1333145113
1333053310
1333140160
1333016165
1333053310
1333041624
1333182153
1333053310
1333140160
1333140160
1333016165
1333041624
1333140160
1333145113
1333145113
1333140160
1333182153
1333140160
1333220468
1333139603
1333041624
1333139603
1333041624
1333140160
1333056446
1333041624
1333056446
1333140160
1333041624
1333053310
1333145113
1333140160
1333016165
1333139603
1333221638
1333140160
1333056446
1333056446
1333140160
1333139603
1333139603
1333140160
1333140160
1333145113
1333056446
1333139603
1333224855
1333140160
1333140160
1333220468
1333139603
1333221238
1333056446
1333182153
1333223636
1333053310
1333140160
1333145113
1333182153
1333053310
1333139603
1333145113
1333145113
1333182153
1333224248
1333139603
